 SVX cage parameters:
   2.20000005    
  0.500000000      0.200000003    
   0.00000000    
           6
  -40.0000000      -26.5000000      -26.5000000       26.5000000       26.5000000       40.0000000    
   53.0000000       53.0000000       22.1478195       22.1478195       53.0000000       53.0000000    
   0.00000000       0.00000000       0.00000000    
 SVX barrel parameters:
           4
   2.63000011       5.19259977       11.7650003       16.6870003       1.14100003    
   0.00000000       0.00000000       0.00000000       0.00000000    
           4           4           5           6
  0.695999980      0.695999980       1.74500000       1.74500000    
   9.99999978E-03   9.99999978E-03   3.12500000E-02   3.12500000E-02
   2.83599997       2.83599997       3.18770003       3.18770003    
   1.89999994E-02   1.89999994E-02   0.00000000       0.00000000    
   1.99999996E-02   1.99999996E-02   0.00000000       0.00000000    
   26.7000008       13.6260004       17.0000000       12.0000000    
  -13.0000000      -12.9799995       0.00000000       0.00000000    
           2
           5           5
   0.00000000       180.000000    
           2
          10          10
   0.00000000       180.000000    
           2
           8           8
   0.00000000       180.000000    
           2
          12          12
   0.00000000       180.000000    
 SVX barrel sensor rotation matrices and translation vectors
           0           1           1           1
   1.56807172      -2.11140990       8.53800011    
  0.648119748      0.761538327      -3.15988530E-07
 -0.761538386      0.648119807      -1.16261113E-07
   0.00000000       0.00000000       1.00000000    
           0           1           1           2
   1.56807172      -2.11140990       2.84600019    
  0.648119748      0.761538327      -3.15988530E-07
 -0.761538386      0.648119807      -1.16261113E-07
   0.00000000       0.00000000       1.00000000    
           0           1           1           3
   1.56807172      -2.11140990      -2.84599972    
  0.648119748      0.761538327      -3.15988530E-07
 -0.761538386      0.648119807      -1.16261113E-07
   0.00000000       0.00000000       1.00000000    
           0           1           1           4
   1.56807172      -2.11140990      -8.53800011    
  0.648119748      0.761538327      -3.15988530E-07
 -0.761538386      0.648119807      -1.16261113E-07
   0.00000000       0.00000000       1.00000000    
           0           1           2           1
   2.34956694      -1.18170905       8.53800011    
  0.236838371      0.971549034      -2.89595050E-07
 -0.971549213      0.236838028      -3.47884317E-08
   0.00000000       0.00000000       1.00000000    
           0           1           2           2
   2.34956694      -1.18170905       2.84599996    
  0.236838371      0.971549034      -2.89595050E-07
 -0.971549213      0.236838028      -3.47884317E-08
   0.00000000       0.00000000       1.00000000    
           0           1           2           3
   2.34956694      -1.18170905      -2.84599996    
  0.236838371      0.971549034      -2.89595050E-07
 -0.971549213      0.236838028      -3.47884317E-08
   0.00000000       0.00000000       1.00000000    
           0           1           2           4
   2.34956694      -1.18170905      -8.53800011    
  0.236838371      0.971549034      -2.89595050E-07
 -0.971549213      0.236838028      -3.47884317E-08
   0.00000000       0.00000000       1.00000000    
           0           1           3           1
   2.62999988      -1.65309757E-08   8.53800011    
 -0.224951312      0.974370062      -2.29408585E-07
 -0.974370062     -0.224951208       2.61378190E-08
   0.00000000       0.00000000       1.00000000    
           0           1           3           2
   2.62999988      -1.65309757E-08   2.84599996    
 -0.224951312      0.974370062      -2.29408585E-07
 -0.974370062     -0.224951208       2.61378190E-08
   0.00000000       0.00000000       1.00000000    
           0           1           3           3
   2.62999988      -1.65309757E-08  -2.84599996    
 -0.224951312      0.974370062      -2.29408585E-07
 -0.974370062     -0.224951208       2.61378190E-08
   0.00000000       0.00000000       1.00000000    
           0           1           3           4
   2.62999988      -1.65309757E-08  -8.53800011    
 -0.224951312      0.974370062      -2.29408585E-07
 -0.974370062     -0.224951208       2.61378190E-08
   0.00000000       0.00000000       1.00000000    
           0           1           4           1
   2.34956646       1.18170905       8.53800011    
 -0.638768077      0.769399464      -1.48264419E-07
 -0.769399583     -0.638767838       5.35246940E-08
   0.00000000       0.00000000       1.00000000    
           0           1           4           2
   2.34956646       1.18170905       2.84599972    
 -0.638768077      0.769399464      -1.48264419E-07
 -0.769399583     -0.638767838       5.35246940E-08
   0.00000000       0.00000000       1.00000000    
           0           1           4           3
   2.34956646       1.18170905      -2.84600019    
 -0.638768077      0.769399464      -1.48264419E-07
 -0.769399583     -0.638767838       5.35246940E-08
   0.00000000       0.00000000       1.00000000    
           0           1           4           4
   2.34956646       1.18170905      -8.53800011    
 -0.638768077      0.769399464      -1.48264419E-07
 -0.769399583     -0.638767838       5.35246940E-08
   0.00000000       0.00000000       1.00000000    
           0           1           5           1
   1.56807101       2.11141014       8.53799915    
 -0.916362762      0.400349081      -6.34671551E-08
 -0.400348842     -0.916362703       4.15317203E-08
   0.00000000       0.00000000       1.00000000    
           0           1           5           2
   1.56807101       2.11141014       2.84599972    
 -0.916362762      0.400349081      -6.34671551E-08
 -0.400348842     -0.916362703       4.15317203E-08
   0.00000000       0.00000000       1.00000000    
           0           1           5           3
   1.56807101       2.11141014      -2.84600019    
 -0.916362762      0.400349081      -6.34671551E-08
 -0.400348842     -0.916362703       4.15317203E-08
   0.00000000       0.00000000       1.00000000    
           0           1           5           4
   1.56807101       2.11141014      -8.53800106    
 -0.916362762      0.400349081      -6.34671551E-08
 -0.400348842     -0.916362703       4.15317203E-08
   0.00000000       0.00000000       1.00000000    
           0           1           6           1
  -1.56807268       2.11141014      -8.53800011    
  0.916362643      0.400348991      -1.28954468E-07
  0.400349110     -0.916362703       1.11378419E-07
  -8.74227766E-08   0.00000000      -1.00000000    
           0           1           6           2
  -1.56807220       2.11141014      -2.84600019    
  0.916362643      0.400348991      -1.28954468E-07
  0.400349110     -0.916362703       1.11378419E-07
  -8.74227766E-08   0.00000000      -1.00000000    
           0           1           6           3
  -1.56807172       2.11141014       2.84599972    
  0.916362643      0.400348991      -1.28954468E-07
  0.400349110     -0.916362703       1.11378419E-07
  -8.74227766E-08   0.00000000      -1.00000000    
           0           1           6           4
  -1.56807125       2.11141014       8.53800011    
  0.916362643      0.400348991      -1.28954468E-07
  0.400349110     -0.916362703       1.11378419E-07
  -8.74227766E-08   0.00000000      -1.00000000    
           0           1           7           1
  -2.34956789       1.18170881      -8.53800011    
  0.638767719      0.769399524      -1.40947435E-07
  0.769399583     -0.638767898       2.65811213E-08
  -8.74227766E-08   0.00000000      -1.00000000    
           0           1           7           2
  -2.34956741       1.18170881      -2.84599996    
  0.638767719      0.769399524      -1.40947435E-07
  0.769399583     -0.638767898       2.65811213E-08
  -8.74227766E-08   0.00000000      -1.00000000    
           0           1           7           3
  -2.34956694       1.18170881       2.84599996    
  0.638767719      0.769399524      -1.40947435E-07
  0.769399583     -0.638767898       2.65811213E-08
  -8.74227766E-08   0.00000000      -1.00000000    
           0           1           7           4
  -2.34956646       1.18170881       8.53800011    
  0.638767719      0.769399524      -1.40947435E-07
  0.769399583     -0.638767898       2.65811213E-08
  -8.74227766E-08   0.00000000      -1.00000000    
           0           1           8           1
  -2.63000059      -3.69502231E-07  -8.53800011    
  0.224950910      0.974370062      -1.13560567E-07
  0.974370062     -0.224951133      -5.45630243E-08
  -8.74227766E-08   0.00000000      -1.00000000    
           0           1           8           2
  -2.63000011      -3.69502231E-07  -2.84599996    
  0.224950910      0.974370062      -1.13560567E-07
  0.974370062     -0.224951133      -5.45630243E-08
  -8.74227766E-08   0.00000000      -1.00000000    
           0           1           8           3
  -2.62999964      -3.69502231E-07   2.84599996    
  0.224950910      0.974370062      -1.13560567E-07
  0.974370062     -0.224951133      -5.45630243E-08
  -8.74227766E-08   0.00000000      -1.00000000    
           0           1           8           4
  -2.62999916      -3.69502231E-07   8.53800011    
  0.224950910      0.974370062      -1.13560567E-07
  0.974370062     -0.224951133      -5.45630243E-08
  -8.74227766E-08   0.00000000      -1.00000000    
           0           1           9           1
  -2.34956717      -1.18170941      -8.53800011    
 -0.236838207      0.971549153      -5.26343342E-08
  0.971549094      0.236837998      -1.14749447E-07
  -8.74227766E-08   0.00000000      -1.00000000    
           0           1           9           2
  -2.34956670      -1.18170941      -2.84599972    
 -0.236838207      0.971549153      -5.26343342E-08
  0.971549094      0.236837998      -1.14749447E-07
  -8.74227766E-08   0.00000000      -1.00000000    
           0           1           9           3
  -2.34956622      -1.18170941       2.84600019    
 -0.236838207      0.971549153      -5.26343342E-08
  0.971549094      0.236837998      -1.14749447E-07
  -8.74227766E-08   0.00000000      -1.00000000    
           0           1           9           4
  -2.34956574      -1.18170941       8.53800011    
 -0.236838207      0.971549153      -5.26343342E-08
  0.971549094      0.236837998      -1.14749447E-07
  -8.74227766E-08   0.00000000      -1.00000000    
           0           1          10           1
  -1.56807268      -2.11140943      -8.53799915    
 -0.648119926      0.761538386       2.88383397E-08
  0.761538267      0.648119688      -1.41142920E-07
  -8.74227766E-08   0.00000000      -1.00000000    
           0           1          10           2
  -1.56807220      -2.11140943      -2.84599972    
 -0.648119926      0.761538386       2.88383397E-08
  0.761538267      0.648119688      -1.41142920E-07
  -8.74227766E-08   0.00000000      -1.00000000    
           0           1          10           3
  -1.56807172      -2.11140943       2.84600019    
 -0.648119926      0.761538386       2.88383397E-08
  0.761538267      0.648119688      -1.41142920E-07
  -8.74227766E-08   0.00000000      -1.00000000    
           0           1          10           4
  -1.56807125      -2.11140943       8.53800106    
 -0.648119926      0.761538386       2.88383397E-08
  0.761538267      0.648119688      -1.41142920E-07
  -8.74227766E-08   0.00000000      -1.00000000    
           0           2           1           1
   2.49225760      -4.55540895       8.53800011    
  0.747067571      0.664748013      -3.16271439E-07
 -0.664748192      0.747067690      -1.41929064E-07
   0.00000000       0.00000000       1.00000000    
           0           2           1           2
   2.49225760      -4.55540895       2.84600043    
  0.747067571      0.664748013      -3.16271439E-07
 -0.664748192      0.747067690      -1.41929064E-07
   0.00000000       0.00000000       1.00000000    
           0           2           1           3
   2.49225760      -4.55540895      -2.84599948    
  0.747067571      0.664748013      -3.16271439E-07
 -0.664748192      0.747067690      -1.41929064E-07
   0.00000000       0.00000000       1.00000000    
           0           2           1           4
   2.49225760      -4.55540895      -8.53800011    
  0.747067571      0.664748013      -3.16271439E-07
 -0.664748192      0.747067690      -1.41929064E-07
   0.00000000       0.00000000       1.00000000    
           0           2           2           1
   3.49528861      -3.84005928       8.53800011    
  0.569437146      0.822034776      -3.13603692E-07
 -0.822034776      0.569437206      -9.80099983E-08
   0.00000000       0.00000000       1.00000000    
           0           2           2           2
   3.49528861      -3.84005928       2.84600019    
  0.569437146      0.822034776      -3.13603692E-07
 -0.822034776      0.569437206      -9.80099983E-08
   0.00000000       0.00000000       1.00000000    
           0           2           2           3
   3.49528861      -3.84005928      -2.84599972    
  0.569437146      0.822034776      -3.13603692E-07
 -0.822034776      0.569437206      -9.80099983E-08
   0.00000000       0.00000000       1.00000000    
           0           2           2           4
   3.49528861      -3.84005928      -8.53800011    
  0.569437146      0.822034776      -3.13603692E-07
 -0.822034776      0.569437206      -9.80099983E-08
   0.00000000       0.00000000       1.00000000    
           0           2           3           1
   4.30156422      -2.90854621       8.53800011    
  0.359752655      0.933047652      -3.00664482E-07
 -0.933047771      0.359752566      -5.59555815E-08
   0.00000000       0.00000000       1.00000000    
           0           2           3           2
   4.30156422      -2.90854621       2.84599996    
  0.359752655      0.933047652      -3.00664482E-07
 -0.933047771      0.359752566      -5.59555815E-08
   0.00000000       0.00000000       1.00000000    
           0           2           3           3
   4.30156422      -2.90854621      -2.84599996    
  0.359752655      0.933047652      -3.00664482E-07
 -0.933047771      0.359752566      -5.59555815E-08
   0.00000000       0.00000000       1.00000000    
           0           2           3           4
   4.30156422      -2.90854621      -8.53800011    
  0.359752655      0.933047652      -3.00664482E-07
 -0.933047771      0.359752566      -5.59555815E-08
   0.00000000       0.00000000       1.00000000    
           0           2           4           1
   4.86569786      -1.81330705       8.53800011    
  0.129816636      0.991537988      -2.78182085E-07
 -0.991537988      0.129816756      -1.81330684E-08
   0.00000000       0.00000000       1.00000000    
           0           2           4           2
   4.86569786      -1.81330705       2.84599972    
  0.129816636      0.991537988      -2.78182085E-07
 -0.991537988      0.129816756      -1.81330684E-08
   0.00000000       0.00000000       1.00000000    
           0           2           4           3
   4.86569786      -1.81330705      -2.84600019    
  0.129816636      0.991537988      -2.78182085E-07
 -0.991537988      0.129816756      -1.81330684E-08
   0.00000000       0.00000000       1.00000000    
           0           2           4           4
   4.86569786      -1.81330705      -8.53800011    
  0.129816636      0.991537988      -2.78182085E-07
 -0.991537988      0.129816756      -1.81330684E-08
   0.00000000       0.00000000       1.00000000    
           0           2           5           1
   5.15593290     -0.615993738       8.53799915    
 -0.107426949      0.994212985      -2.47422122E-07
 -0.994213045     -0.107426599       1.33284281E-08
   0.00000000       0.00000000       1.00000000    
           0           2           5           2
   5.15593290     -0.615993738       2.84599948    
 -0.107426949      0.994212985      -2.47422122E-07
 -0.994213045     -0.107426599       1.33284281E-08
   0.00000000       0.00000000       1.00000000    
           0           2           5           3
   5.15593290     -0.615993738      -2.84600043    
 -0.107426949      0.994212985      -2.47422122E-07
 -0.994213045     -0.107426599       1.33284281E-08
   0.00000000       0.00000000       1.00000000    
           0           2           5           4
   5.15593290     -0.615993738      -8.53800106    
 -0.107426949      0.994212985      -2.47422122E-07
 -0.994213045     -0.107426599       1.33284281E-08
   0.00000000       0.00000000       1.00000000    
           0           2           6           1
   5.15593290      0.615994930       8.53799915    
 -0.338622868      0.940922201      -2.10116212E-07
 -0.940922081     -0.338622928       3.66579158E-08
   0.00000000       0.00000000       1.00000000    
           0           2           6           2
   5.15593290      0.615994930       2.84599948    
 -0.338622868      0.940922201      -2.10116212E-07
 -0.940922081     -0.338622928       3.66579158E-08
   0.00000000       0.00000000       1.00000000    
           0           2           6           3
   5.15593290      0.615994930      -2.84600043    
 -0.338622868      0.940922201      -2.10116212E-07
 -0.940922081     -0.338622928       3.66579158E-08
   0.00000000       0.00000000       1.00000000    
           0           2           6           4
   5.15593290      0.615994930      -8.53800106    
 -0.338622868      0.940922201      -2.10116212E-07
 -0.940922081     -0.338622928       3.66579158E-08
   0.00000000       0.00000000       1.00000000    
           0           2           7           1
   4.86569643       1.81330836       8.53799915    
 -0.550757587      0.834665298      -1.68364181E-07
 -0.834665298     -0.550757527       5.05420914E-08
   0.00000000       0.00000000       1.00000000    
           0           2           7           2
   4.86569643       1.81330836       2.84599924    
 -0.550757587      0.834665298      -1.68364181E-07
 -0.834665298     -0.550757527       5.05420914E-08
   0.00000000       0.00000000       1.00000000    
           0           2           7           3
   4.86569643       1.81330836      -2.84600067    
 -0.550757587      0.834665298      -1.68364181E-07
 -0.834665298     -0.550757527       5.05420914E-08
   0.00000000       0.00000000       1.00000000    
           0           2           7           4
   4.86569643       1.81330836      -8.53800106    
 -0.550757587      0.834665298      -1.68364181E-07
 -0.834665298     -0.550757527       5.05420914E-08
   0.00000000       0.00000000       1.00000000    
           0           2           8           1
   4.30156231       2.90854740       8.53799915    
 -0.731888890      0.681424022      -1.24516504E-07
 -0.681423664     -0.731888950       5.41994183E-08
   0.00000000       0.00000000       1.00000000    
           0           2           8           2
   4.30156231       2.90854740       2.84599924    
 -0.731888890      0.681424022      -1.24516504E-07
 -0.681423664     -0.731888950       5.41994183E-08
   0.00000000       0.00000000       1.00000000    
           0           2           8           3
   4.30156231       2.90854740      -2.84600067    
 -0.731888890      0.681424022      -1.24516504E-07
 -0.681423664     -0.731888950       5.41994183E-08
   0.00000000       0.00000000       1.00000000    
           0           2           8           4
   4.30156231       2.90854740      -8.53800106    
 -0.731888890      0.681424022      -1.24516504E-07
 -0.681423664     -0.731888950       5.41994183E-08
   0.00000000       0.00000000       1.00000000    
           0           2           9           1
   3.49528670       3.84006047       8.53799915    
 -0.871821404      0.489823997      -8.10412644E-08
 -0.489823699     -0.871821404       4.74240522E-08
   0.00000000       0.00000000       1.00000000    
           0           2           9           2
   3.49528670       3.84006047       2.84599924    
 -0.871821404      0.489823997      -8.10412644E-08
 -0.489823699     -0.871821404       4.74240522E-08
   0.00000000       0.00000000       1.00000000    
           0           2           9           3
   3.49528670       3.84006047      -2.84600067    
 -0.871821404      0.489823997      -8.10412644E-08
 -0.489823699     -0.871821404       4.74240522E-08
   0.00000000       0.00000000       1.00000000    
           0           2           9           4
   3.49528670       3.84006047      -8.53800106    
 -0.871821404      0.489823997      -8.10412644E-08
 -0.489823699     -0.871821404       4.74240522E-08
   0.00000000       0.00000000       1.00000000    
           0           2          10           1
   2.49225545       4.55540895       8.53799915    
 -0.962677598      0.270650953      -4.03858351E-08
 -0.270650834     -0.962677538       3.05973415E-08
   0.00000000       0.00000000       1.00000000    
           0           2          10           2
   2.49225545       4.55540895       2.84599924    
 -0.962677598      0.270650953      -4.03858351E-08
 -0.270650834     -0.962677538       3.05973415E-08
   0.00000000       0.00000000       1.00000000    
           0           2          10           3
   2.49225545       4.55540895      -2.84600067    
 -0.962677598      0.270650953      -4.03858351E-08
 -0.270650834     -0.962677538       3.05973415E-08
   0.00000000       0.00000000       1.00000000    
           0           2          10           4
   2.49225545       4.55540895      -8.53800106    
 -0.962677598      0.270650953      -4.03858351E-08
 -0.270650834     -0.962677538       3.05973415E-08
   0.00000000       0.00000000       1.00000000    
           0           2          11           1
  -2.49225807       4.55540895      -8.53800011    
  0.962677538      0.270650834      -1.18020075E-07
  0.270651013     -0.962677538       1.34459725E-07
  -8.74227766E-08   0.00000000      -1.00000000    
           0           2          11           2
  -2.49225760       4.55540895      -2.84600043    
  0.962677538      0.270650834      -1.18020075E-07
  0.270651013     -0.962677538       1.34459725E-07
  -8.74227766E-08   0.00000000      -1.00000000    
           0           2          11           3
  -2.49225712       4.55540895       2.84599948    
  0.962677538      0.270650834      -1.18020075E-07
  0.270651013     -0.962677538       1.34459725E-07
  -8.74227766E-08   0.00000000      -1.00000000    
           0           2          11           4
  -2.49225664       4.55540895       8.53800011    
  0.962677538      0.270650834      -1.18020075E-07
  0.270651013     -0.962677538       1.34459725E-07
  -8.74227766E-08   0.00000000      -1.00000000    
           0           2          12           1
  -3.49528861       3.84006000      -8.53800011    
  0.871821404      0.489823788      -1.34846800E-07
  0.489823848     -0.871821463       9.38043456E-08
  -8.74227766E-08   0.00000000      -1.00000000    
           0           2          12           2
  -3.49528813       3.84006000      -2.84600019    
  0.871821404      0.489823788      -1.34846800E-07
  0.489823848     -0.871821463       9.38043456E-08
  -8.74227766E-08   0.00000000      -1.00000000    
           0           2          12           3
  -3.49528766       3.84006000       2.84599972    
  0.871821404      0.489823788      -1.34846800E-07
  0.489823848     -0.871821463       9.38043456E-08
  -8.74227766E-08   0.00000000      -1.00000000    
           0           2          12           4
  -3.49528718       3.84006000       8.53800011    
  0.871821404      0.489823788      -1.34846800E-07
  0.489823848     -0.871821463       9.38043456E-08
  -8.74227766E-08   0.00000000      -1.00000000    
           0           2          13           1
  -4.30156422       2.90854764      -8.53800011    
  0.731889069      0.681423724      -1.41622195E-07
  0.681423724     -0.731889129       5.03291453E-08
  -8.74227766E-08   0.00000000      -1.00000000    
           0           2          13           2
  -4.30156326       2.90854764      -2.84599996    
  0.731889069      0.681423724      -1.41622195E-07
  0.681423724     -0.731889129       5.03291453E-08
  -8.74227766E-08   0.00000000      -1.00000000    
           0           2          13           3
  -4.30156279       2.90854764       2.84599996    
  0.731889069      0.681423724      -1.41622195E-07
  0.681423724     -0.731889129       5.03291453E-08
  -8.74227766E-08   0.00000000      -1.00000000    
           0           2          13           4
  -4.30156231       2.90854764       8.53800011    
  0.731889069      0.681423724      -1.41622195E-07
  0.681423724     -0.731889129       5.03291453E-08
  -8.74227766E-08   0.00000000      -1.00000000    
           0           2          14           1
  -4.86569738       1.81330931      -8.53800011    
  0.550757468      0.834665239      -1.37964861E-07
  0.834665298     -0.550757706       6.48140741E-09
  -8.74227766E-08   0.00000000      -1.00000000    
           0           2          14           2
  -4.86569691       1.81330931      -2.84599972    
  0.550757468      0.834665239      -1.37964861E-07
  0.834665298     -0.550757706       6.48140741E-09
  -8.74227766E-08   0.00000000      -1.00000000    
           0           2          14           3
  -4.86569643       1.81330931       2.84600019    
  0.550757468      0.834665239      -1.37964861E-07
  0.834665298     -0.550757706       6.48140741E-09
  -8.74227766E-08   0.00000000      -1.00000000    
           0           2          14           4
  -4.86569595       1.81330931       8.53800011    
  0.550757468      0.834665239      -1.37964861E-07
  0.834665298     -0.550757706       6.48140741E-09
  -8.74227766E-08   0.00000000      -1.00000000    
           0           2          15           1
  -5.15593338      0.615996540      -8.53799915    
  0.338622808      0.940922141      -1.24080657E-07
  0.940922201     -0.338623017      -3.52705953E-08
  -8.74227766E-08   0.00000000      -1.00000000    
           0           2          15           2
  -5.15593290      0.615996540      -2.84599972    
  0.338622808      0.940922141      -1.24080657E-07
  0.940922201     -0.338623017      -3.52705953E-08
  -8.74227766E-08   0.00000000      -1.00000000    
           0           2          15           3
  -5.15593243      0.615996540       2.84600019    
  0.338622808      0.940922141      -1.24080657E-07
  0.940922201     -0.338623017      -3.52705953E-08
  -8.74227766E-08   0.00000000      -1.00000000    
           0           2          15           4
  -5.15593195      0.615996540       8.53800106    
  0.338622808      0.940922141      -1.24080657E-07
  0.940922201     -0.338623017      -3.52705953E-08
  -8.74227766E-08   0.00000000      -1.00000000    
           0           2          16           1
  -5.15593386     -0.615991592      -8.53799915    
  0.107426666      0.994212985      -1.00751215E-07
  0.994212985     -0.107426837      -7.25765616E-08
  -8.74227766E-08   0.00000000      -1.00000000    
           0           2          16           2
  -5.15593338     -0.615991592      -2.84599948    
  0.107426666      0.994212985      -1.00751215E-07
  0.994212985     -0.107426837      -7.25765616E-08
  -8.74227766E-08   0.00000000      -1.00000000    
           0           2          16           3
  -5.15593290     -0.615991592       2.84600043    
  0.107426666      0.994212985      -1.00751215E-07
  0.994212985     -0.107426837      -7.25765616E-08
  -8.74227766E-08   0.00000000      -1.00000000    
           0           2          16           4
  -5.15593243     -0.615991592       8.53800106    
  0.107426666      0.994212985      -1.00751215E-07
  0.994212985     -0.107426837      -7.25765616E-08
  -8.74227766E-08   0.00000000      -1.00000000    
           0           2          17           1
  -4.86569834      -1.81330466      -8.53799915    
 -0.129816815      0.991537988      -6.92897117E-08
  0.991537988      0.129816592      -1.03336511E-07
  -8.74227766E-08   0.00000000      -1.00000000    
           0           2          17           2
  -4.86569786      -1.81330466      -2.84599924    
 -0.129816815      0.991537988      -6.92897117E-08
  0.991537988      0.129816592      -1.03336511E-07
  -8.74227766E-08   0.00000000      -1.00000000    
           0           2          17           3
  -4.86569738      -1.81330466       2.84600067    
 -0.129816815      0.991537988      -6.92897117E-08
  0.991537988      0.129816592      -1.03336511E-07
  -8.74227766E-08   0.00000000      -1.00000000    
           0           2          17           4
  -4.86569691      -1.81330466       8.53800106    
 -0.129816815      0.991537988      -6.92897117E-08
  0.991537988      0.129816592      -1.03336511E-07
  -8.74227766E-08   0.00000000      -1.00000000    
           0           2          18           1
  -4.30156565      -2.90854383      -8.53799915    
 -0.359752685      0.933047712      -3.14671880E-08
  0.933047712      0.359752476      -1.25818872E-07
  -8.74227766E-08   0.00000000      -1.00000000    
           0           2          18           2
  -4.30156517      -2.90854383      -2.84599924    
 -0.359752685      0.933047712      -3.14671880E-08
  0.933047712      0.359752476      -1.25818872E-07
  -8.74227766E-08   0.00000000      -1.00000000    
           0           2          18           3
  -4.30156469      -2.90854383       2.84600067    
 -0.359752685      0.933047712      -3.14671880E-08
  0.933047712      0.359752476      -1.25818872E-07
  -8.74227766E-08   0.00000000      -1.00000000    
           0           2          18           4
  -4.30156422      -2.90854383       8.53800106    
 -0.359752685      0.933047712      -3.14671880E-08
  0.933047712      0.359752476      -1.25818872E-07
  -8.74227766E-08   0.00000000      -1.00000000    
           0           2          19           1
  -3.49529123      -3.84005666      -8.53799915    
 -0.569437504      0.822034717       1.05872502E-08
  0.822034657      0.569437146      -1.38758111E-07
  -8.74227766E-08   0.00000000      -1.00000000    
           0           2          19           2
  -3.49529052      -3.84005666      -2.84599924    
 -0.569437504      0.822034717       1.05872502E-08
  0.822034657      0.569437146      -1.38758111E-07
  -8.74227766E-08   0.00000000      -1.00000000    
           0           2          19           3
  -3.49529004      -3.84005666       2.84600067    
 -0.569437504      0.822034717       1.05872502E-08
  0.822034657      0.569437146      -1.38758111E-07
  -8.74227766E-08   0.00000000      -1.00000000    
           0           2          19           4
  -3.49528956      -3.84005666       8.53800106    
 -0.569437504      0.822034717       1.05872502E-08
  0.822034657      0.569437146      -1.38758111E-07
  -8.74227766E-08   0.00000000      -1.00000000    
           0           2          20           1
  -2.49226213      -4.55540562      -8.53799915    
 -0.747067809      0.664747894       5.45063337E-08
  0.664747953      0.747067690      -1.41425858E-07
  -8.74227766E-08   0.00000000      -1.00000000    
           0           2          20           2
  -2.49226165      -4.55540562      -2.84599924    
 -0.747067809      0.664747894       5.45063337E-08
  0.664747953      0.747067690      -1.41425858E-07
  -8.74227766E-08   0.00000000      -1.00000000    
           0           2          20           3
  -2.49226117      -4.55540562       2.84600067    
 -0.747067809      0.664747894       5.45063337E-08
  0.664747953      0.747067690      -1.41425858E-07
  -8.74227766E-08   0.00000000      -1.00000000    
           0           2          20           4
  -2.49226069      -4.55540562       8.53800106    
 -0.747067809      0.664747894       5.45063337E-08
  0.664747953      0.747067690      -1.41425858E-07
  -8.74227766E-08   0.00000000      -1.00000000    
           0           3           1           1
   5.63001013      -10.3304520       12.7508011    
 -0.878066540     -0.478538483       3.09031435E-07
 -0.478538632      0.878066540       7.87423815E-08
  -8.74227766E-08   0.00000000      -1.00000000    
           0           3           1           2
   5.63000965      -10.3304520       6.37540054    
 -0.878066540     -0.478538483       3.09031435E-07
 -0.478538632      0.878066540       7.87423815E-08
  -8.74227766E-08   0.00000000      -1.00000000    
           0           3           1           3
   5.63000870      -10.3304520       6.35462357E-07
 -0.878066540     -0.478538483       3.09031435E-07
 -0.478538632      0.878066540       7.87423815E-08
  -8.74227766E-08   0.00000000      -1.00000000    
           0           3           1           4
   5.63000822      -10.3304520      -6.37539959    
 -0.878066540     -0.478538483       3.09031435E-07
 -0.478538632      0.878066540       7.87423815E-08
  -8.74227766E-08   0.00000000      -1.00000000    
           0           3           1           5
   5.63000774      -10.3304520      -12.7507992    
 -0.878066540     -0.478538483       3.09031435E-07
 -0.478538632      0.878066540       7.87423815E-08
  -8.74227766E-08   0.00000000      -1.00000000    
           0           3           2           1
   7.55066967      -7.13282585       12.7508001    
 -0.686706841     -0.726934314       3.16510835E-07
 -0.726934493      0.686706960       1.36409355E-07
  -8.74227766E-08   0.00000000      -1.00000000    
           0           3           2           2
   7.55066872      -7.13282585       6.37540007    
 -0.686706841     -0.726934314       3.16510835E-07
 -0.726934493      0.686706960       1.36409355E-07
  -8.74227766E-08   0.00000000      -1.00000000    
           0           3           2           3
   7.55066824      -7.13282585      -3.57198715E-08
 -0.686706841     -0.726934314       3.16510835E-07
 -0.726934493      0.686706960       1.36409355E-07
  -8.74227766E-08   0.00000000      -1.00000000    
           0           3           2           4
   7.55066776      -7.13282585      -6.37540007    
 -0.686706841     -0.726934314       3.16510835E-07
 -0.726934493      0.686706960       1.36409355E-07
  -8.74227766E-08   0.00000000      -1.00000000    
           0           3           2           5
   7.55066729      -7.13282585      -12.7508001    
 -0.686706841     -0.726934314       3.16510835E-07
 -0.726934493      0.686706960       1.36409355E-07
  -8.74227766E-08   0.00000000      -1.00000000    
           0           3           3           1
   11.7916565      -5.80476904       12.7507992    
 -0.441662341     -0.897181273       3.06702333E-07
 -0.897181392      0.441662341       1.90868263E-07
  -8.74227766E-08   0.00000000      -1.00000000    
           0           3           3           2
   11.7916555      -5.80476904       6.37539911    
 -0.441662341     -0.897181273       3.06702333E-07
 -0.897181392      0.441662341       1.90868263E-07
  -8.74227766E-08   0.00000000      -1.00000000    
           0           3           3           3
   11.7916546      -5.80476904      -7.66011681E-07
 -0.441662341     -0.897181273       3.06702333E-07
 -0.897181392      0.441662341       1.90868263E-07
  -8.74227766E-08   0.00000000      -1.00000000    
           0           3           3           4
   11.7916546      -5.80476904      -6.37540102    
 -0.441662341     -0.897181273       3.06702333E-07
 -0.897181392      0.441662341       1.90868263E-07
  -8.74227766E-08   0.00000000      -1.00000000    
           0           3           3           5
   11.7916536      -5.80476904      -12.7508011    
 -0.441662341     -0.897181273       3.06702333E-07
 -0.897181392      0.441662341       1.90868263E-07
  -8.74227766E-08   0.00000000      -1.00000000    
           0           3           4           1
   11.5808773      -2.07329631       12.7507992    
 -0.176225647     -0.984349787       2.83325278E-07
 -0.984349787      0.176225752       2.37106832E-07
  -8.74227766E-08   0.00000000      -1.00000000    
           0           3           4           2
   11.5808764      -2.07329631       6.37539864    
 -0.176225647     -0.984349787       2.83325278E-07
 -0.984349787      0.176225752       2.37106832E-07
  -8.74227766E-08   0.00000000      -1.00000000    
           0           3           4           3
   11.5808764      -2.07329631      -1.22769495E-06
 -0.176225647     -0.984349787       2.83325278E-07
 -0.984349787      0.176225752       2.37106832E-07
  -8.74227766E-08   0.00000000      -1.00000000    
           0           3           4           4
   11.5808754      -2.07329631      -6.37540150    
 -0.176225647     -0.984349787       2.83325278E-07
 -0.984349787      0.176225752       2.37106832E-07
  -8.74227766E-08   0.00000000      -1.00000000    
           0           3           4           5
   11.5808754      -2.07329631      -12.7508011    
 -0.176225647     -0.984349787       2.83325278E-07
 -0.984349787      0.176225752       2.37106832E-07
  -8.74227766E-08   0.00000000      -1.00000000    
           0           3           5           1
   10.2886715       1.42584133       12.7507982    
  0.137271792     -0.990533412       2.43025937E-07
 -0.990533412     -0.137271732       2.79027944E-07
  -8.74227766E-08   0.00000000      -1.00000000    
           0           3           5           2
   10.2886715       1.42584133       6.37539864    
  0.137271792     -0.990533412       2.43025937E-07
 -0.990533412     -0.137271732       2.79027944E-07
  -8.74227766E-08   0.00000000      -1.00000000    
           0           3           5           3
   10.2886705       1.42584133      -1.51709924E-06
  0.137271792     -0.990533412       2.43025937E-07
 -0.990533412     -0.137271732       2.79027944E-07
  -8.74227766E-08   0.00000000      -1.00000000    
           0           3           5           4
   10.2886696       1.42584133      -6.37540150    
  0.137271792     -0.990533412       2.43025937E-07
 -0.990533412     -0.137271732       2.79027944E-07
  -8.74227766E-08   0.00000000      -1.00000000    
           0           3           5           5
   10.2886696       1.42584133      -12.7508020    
  0.137271792     -0.990533412       2.43025937E-07
 -0.990533412     -0.137271732       2.79027944E-07
  -8.74227766E-08   0.00000000      -1.00000000    
           0           3           6           1
   11.9067526       5.56486511       12.7507982    
  0.423409045     -0.905938685       1.94410319E-07
 -0.905938566     -0.423409015       3.05457064E-07
  -8.74227766E-08   0.00000000      -1.00000000    
           0           3           6           2
   11.9067516       5.56486511       6.37539768    
  0.423409045     -0.905938685       1.94410319E-07
 -0.905938566     -0.423409015       3.05457064E-07
  -8.74227766E-08   0.00000000      -1.00000000    
           0           3           6           3
   11.9067516       5.56486511      -2.27205237E-06
  0.423409045     -0.905938685       1.94410319E-07
 -0.905938566     -0.423409015       3.05457064E-07
  -8.74227766E-08   0.00000000      -1.00000000    
           0           3           6           4
   11.9067507       5.56486511      -6.37540245    
  0.423409045     -0.905938685       1.94410319E-07
 -0.905938566     -0.423409015       3.05457064E-07
  -8.74227766E-08   0.00000000      -1.00000000    
           0           3           6           5
   11.9067497       5.56486511      -12.7508020    
  0.423409045     -0.905938685       1.94410319E-07
 -0.905938566     -0.423409015       3.05457064E-07
  -8.74227766E-08   0.00000000      -1.00000000    
           0           3           7           1
   8.86432457       7.73556757       12.7507982    
  0.657506824     -0.753448665       1.43715440E-07
 -0.753448606     -0.657506704       3.16158633E-07
  -8.74227766E-08   0.00000000      -1.00000000    
           0           3           7           2
   8.86432362       7.73556757       6.37539768    
  0.657506824     -0.753448665       1.43715440E-07
 -0.753448606     -0.657506704       3.16158633E-07
  -8.74227766E-08   0.00000000      -1.00000000    
           0           3           7           3
   8.86432362       7.73556757      -2.15773912E-06
  0.657506824     -0.753448665       1.43715440E-07
 -0.753448606     -0.657506704       3.16158633E-07
  -8.74227766E-08   0.00000000      -1.00000000    
           0           3           7           4
   8.86432266       7.73556757      -6.37540245    
  0.657506824     -0.753448665       1.43715440E-07
 -0.753448606     -0.657506704       3.16158633E-07
  -8.74227766E-08   0.00000000      -1.00000000    
           0           3           7           5
   8.86432266       7.73556757      -12.7508020    
  0.657506824     -0.753448665       1.43715440E-07
 -0.753448606     -0.657506704       3.16158633E-07
  -8.74227766E-08   0.00000000      -1.00000000    
           0           3           8           1
   5.32637310       8.91737175       12.7507982    
  0.858512700     -0.512792408       8.57984404E-08
 -0.512792230     -0.858512700       3.10959109E-07
  -8.74227766E-08   0.00000000      -1.00000000    
           0           3           8           2
   5.32637262       8.91737175       6.37539816    
  0.858512700     -0.512792408       8.57984404E-08
 -0.512792230     -0.858512700       3.10959109E-07
  -8.74227766E-08   0.00000000      -1.00000000    
           0           3           8           3
   5.32637215       8.91737175      -1.84876819E-06
  0.858512700     -0.512792408       8.57984404E-08
 -0.512792230     -0.858512700       3.10959109E-07
  -8.74227766E-08   0.00000000      -1.00000000    
           0           3           8           4
   5.32637167       8.91737175      -6.37540197    
  0.858512700     -0.512792408       8.57984404E-08
 -0.512792230     -0.858512700       3.10959109E-07
  -8.74227766E-08   0.00000000      -1.00000000    
           0           3           8           5
   5.32637072       8.91737175      -12.7508020    
  0.858512700     -0.512792408       8.57984404E-08
 -0.512792230     -0.858512700       3.10959109E-07
  -8.74227766E-08   0.00000000      -1.00000000    
           0           3           9           1
  -5.32637405       8.91737366      -12.7508001    
 -0.858512580     -0.512792349       1.36113556E-07
  0.512792289     -0.858512759       1.62438596E-09
   0.00000000       0.00000000       1.00000000    
           0           3           9           2
  -5.32637405       8.91737366      -6.37540054    
 -0.858512580     -0.512792349       1.36113556E-07
  0.512792289     -0.858512759       1.62438596E-09
   0.00000000       0.00000000       1.00000000    
           0           3           9           3
  -5.32637405       8.91737366      -4.55912016E-07
 -0.858512580     -0.512792349       1.36113556E-07
  0.512792289     -0.858512759       1.62438596E-09
   0.00000000       0.00000000       1.00000000    
           0           3           9           4
  -5.32637405       8.91737366       6.37539959    
 -0.858512580     -0.512792349       1.36113556E-07
  0.512792289     -0.858512759       1.62438596E-09
   0.00000000       0.00000000       1.00000000    
           0           3           9           5
  -5.32637405       8.91737366       12.7508001    
 -0.858512580     -0.512792349       1.36113556E-07
  0.512792289     -0.858512759       1.62438596E-09
   0.00000000       0.00000000       1.00000000    
           0           3          10           1
  -8.86432457       7.73556757      -12.7508001    
 -0.657506585     -0.753448665       1.41313052E-07
  0.753448665     -0.657506704      -5.62926523E-08
   0.00000000       0.00000000       1.00000000    
           0           3          10           2
  -8.86432457       7.73556757      -6.37540007    
 -0.657506585     -0.753448665       1.41313052E-07
  0.753448665     -0.657506704      -5.62926523E-08
   0.00000000       0.00000000       1.00000000    
           0           3          10           3
  -8.86432457       7.73556757       1.63009261E-07
 -0.657506585     -0.753448665       1.41313052E-07
  0.753448665     -0.657506704      -5.62926523E-08
   0.00000000       0.00000000       1.00000000    
           0           3          10           4
  -8.86432457       7.73556757       6.37540007    
 -0.657506585     -0.753448665       1.41313052E-07
  0.753448665     -0.657506704      -5.62926523E-08
   0.00000000       0.00000000       1.00000000    
           0           3          10           5
  -8.86432457       7.73556757       12.7508001    
 -0.657506585     -0.753448665       1.41313052E-07
  0.753448665     -0.657506704      -5.62926523E-08
   0.00000000       0.00000000       1.00000000    
           0           3          11           1
  -11.9067535       5.56486511      -12.7507992    
 -0.423408836     -0.905938685       1.30611483E-07
  0.905938685     -0.423408985      -1.06987507E-07
   0.00000000       0.00000000       1.00000000    
           0           3          11           2
  -11.9067535       5.56486511      -6.37539911    
 -0.423408836     -0.905938685       1.30611483E-07
  0.905938685     -0.423408985      -1.06987507E-07
   0.00000000       0.00000000       1.00000000    
           0           3          11           3
  -11.9067535       5.56486511       8.46628836E-07
 -0.423408836     -0.905938685       1.30611483E-07
  0.905938685     -0.423408985      -1.06987507E-07
   0.00000000       0.00000000       1.00000000    
           0           3          11           4
  -11.9067535       5.56486511       6.37540102    
 -0.423408836     -0.905938685       1.30611483E-07
  0.905938685     -0.423408985      -1.06987507E-07
   0.00000000       0.00000000       1.00000000    
           0           3          11           5
  -11.9067535       5.56486511       12.7508011    
 -0.423408836     -0.905938685       1.30611483E-07
  0.905938685     -0.423408985      -1.06987507E-07
   0.00000000       0.00000000       1.00000000    
           0           3          12           1
  -10.2886715       1.42584050      -12.7507992    
 -0.137271434     -0.990533412       1.04182369E-07
  0.990533471     -0.137271568      -1.55603175E-07
   0.00000000       0.00000000       1.00000000    
           0           3          12           2
  -10.2886715       1.42584050      -6.37539911    
 -0.137271434     -0.990533412       1.04182369E-07
  0.990533471     -0.137271568      -1.55603175E-07
   0.00000000       0.00000000       1.00000000    
           0           3          12           3
  -10.2886715       1.42584050       1.17721072E-06
 -0.137271434     -0.990533412       1.04182369E-07
  0.990533471     -0.137271568      -1.55603175E-07
   0.00000000       0.00000000       1.00000000    
           0           3          12           4
  -10.2886715       1.42584050       6.37540102    
 -0.137271434     -0.990533412       1.04182369E-07
  0.990533471     -0.137271568      -1.55603175E-07
   0.00000000       0.00000000       1.00000000    
           0           3          12           5
  -10.2886715       1.42584050       12.7508011    
 -0.137271434     -0.990533412       1.04182369E-07
  0.990533471     -0.137271568      -1.55603175E-07
   0.00000000       0.00000000       1.00000000    
           0           3          13           1
  -11.5808754      -2.07329845      -12.7507982    
  0.176225990     -0.984349787       6.22612504E-08
  0.984349787      0.176225752      -1.95902487E-07
   0.00000000       0.00000000       1.00000000    
           0           3          13           2
  -11.5808754      -2.07329845      -6.37539816    
  0.176225990     -0.984349787       6.22612504E-08
  0.984349787      0.176225752      -1.95902487E-07
   0.00000000       0.00000000       1.00000000    
           0           3          13           3
  -11.5808754      -2.07329845       1.80551933E-06
  0.176225990     -0.984349787       6.22612504E-08
  0.984349787      0.176225752      -1.95902487E-07
   0.00000000       0.00000000       1.00000000    
           0           3          13           4
  -11.5808754      -2.07329845       6.37540197    
  0.176225990     -0.984349787       6.22612504E-08
  0.984349787      0.176225752      -1.95902487E-07
   0.00000000       0.00000000       1.00000000    
           0           3          13           5
  -11.5808754      -2.07329845       12.7508020    
  0.176225990     -0.984349787       6.22612504E-08
  0.984349787      0.176225752      -1.95902487E-07
   0.00000000       0.00000000       1.00000000    
           0           3          14           1
  -11.7916517      -5.80477142      -12.7507982    
  0.441662639     -0.897181213       1.60226747E-08
  0.897181273      0.441662401      -2.19279542E-07
   0.00000000       0.00000000       1.00000000    
           0           3          14           2
  -11.7916517      -5.80477142      -6.37539768    
  0.441662639     -0.897181213       1.60226747E-08
  0.897181273      0.441662401      -2.19279542E-07
   0.00000000       0.00000000       1.00000000    
           0           3          14           3
  -11.7916517      -5.80477142       2.32248317E-06
  0.441662639     -0.897181213       1.60226747E-08
  0.897181273      0.441662401      -2.19279542E-07
   0.00000000       0.00000000       1.00000000    
           0           3          14           4
  -11.7916517      -5.80477142       6.37540245    
  0.441662639     -0.897181213       1.60226747E-08
  0.897181273      0.441662401      -2.19279542E-07
   0.00000000       0.00000000       1.00000000    
           0           3          14           5
  -11.7916517      -5.80477142       12.7508020    
  0.441662639     -0.897181213       1.60226747E-08
  0.897181273      0.441662401      -2.19279542E-07
   0.00000000       0.00000000       1.00000000    
           0           3          15           1
  -7.55066490      -7.13282776      -12.7507982    
  0.686707020     -0.726934373      -3.84361911E-08
  0.726934195      0.686707020      -2.29088073E-07
   0.00000000       0.00000000       1.00000000    
           0           3          15           2
  -7.55066490      -7.13282776      -6.37539816    
  0.686707020     -0.726934373      -3.84361911E-08
  0.726934195      0.686707020      -2.29088073E-07
   0.00000000       0.00000000       1.00000000    
           0           3          15           3
  -7.55066490      -7.13282776       1.94049835E-06
  0.686707020     -0.726934373      -3.84361911E-08
  0.726934195      0.686707020      -2.29088073E-07
   0.00000000       0.00000000       1.00000000    
           0           3          15           4
  -7.55066490      -7.13282776       6.37540197    
  0.686707020     -0.726934373      -3.84361911E-08
  0.726934195      0.686707020      -2.29088073E-07
   0.00000000       0.00000000       1.00000000    
           0           3          15           5
  -7.55066490      -7.13282776       12.7508020    
  0.686707020     -0.726934373      -3.84361911E-08
  0.726934195      0.686707020      -2.29088073E-07
   0.00000000       0.00000000       1.00000000    
           0           3          16           1
  -5.63000488      -10.3304529      -12.7507982    
  0.878066659     -0.478538364      -9.61031787E-08
  0.478538424      0.878066540      -2.21608673E-07
   0.00000000       0.00000000       1.00000000    
           0           3          16           2
  -5.63000488      -10.3304529      -6.37539816    
  0.878066659     -0.478538364      -9.61031787E-08
  0.478538424      0.878066540      -2.21608673E-07
   0.00000000       0.00000000       1.00000000    
           0           3          16           3
  -5.63000488      -10.3304529       2.10795224E-06
  0.878066659     -0.478538364      -9.61031787E-08
  0.478538424      0.878066540      -2.21608673E-07
   0.00000000       0.00000000       1.00000000    
           0           3          16           4
  -5.63000488      -10.3304529       6.37540197    
  0.878066659     -0.478538364      -9.61031787E-08
  0.478538424      0.878066540      -2.21608673E-07
   0.00000000       0.00000000       1.00000000    
           0           3          16           5
  -5.63000488      -10.3304529       12.7508020    
  0.878066659     -0.478538364      -9.61031787E-08
  0.478538424      0.878066540      -2.21608673E-07
   0.00000000       0.00000000       1.00000000    
           0           4           1           1
   6.53804111      -14.1043320      -15.9384985    
  0.907264233      0.420560896      -2.17834639E-07
 -0.420560867      0.907264411      -1.07534859E-07
   0.00000000       0.00000000       1.00000000    
           0           4           1           2
   6.53804111      -14.1043320      -9.56309795    
  0.907264233      0.420560896      -2.17834639E-07
 -0.420560867      0.907264411      -1.07534859E-07
   0.00000000       0.00000000       1.00000000    
           0           4           1           3
   6.53804111      -14.1043320      -3.18769789    
  0.907264233      0.420560896      -2.17834639E-07
 -0.420560867      0.907264411      -1.07534859E-07
   0.00000000       0.00000000       1.00000000    
           0           4           1           4
   6.53804111      -14.1043320       3.18770218    
  0.907264233      0.420560896      -2.17834639E-07
 -0.420560867      0.907264411      -1.07534859E-07
   0.00000000       0.00000000       1.00000000    
           0           4           1           5
   6.53804111      -14.1043320       9.56310177    
  0.907264233      0.420560896      -2.17834639E-07
 -0.420560867      0.907264411      -1.07534859E-07
   0.00000000       0.00000000       1.00000000    
           0           4           1           6
   6.53804111      -14.1043320       15.9385023    
  0.907264233      0.420560896      -2.17834639E-07
 -0.420560867      0.907264411      -1.07534859E-07
   0.00000000       0.00000000       1.00000000    
           0           4           2           1
   10.1144476      -13.2723007      -15.9384995    
  0.795367599      0.606127262      -2.27495264E-07
 -0.606127381      0.795367718      -6.85272710E-08
   0.00000000       0.00000000       1.00000000    
           0           4           2           2
   10.1144476      -13.2723007      -9.56309891    
  0.795367599      0.606127262      -2.27495264E-07
 -0.606127381      0.795367718      -6.85272710E-08
   0.00000000       0.00000000       1.00000000    
           0           4           2           3
   10.1144476      -13.2723007      -3.18769836    
  0.795367599      0.606127262      -2.27495264E-07
 -0.606127381      0.795367718      -6.85272710E-08
   0.00000000       0.00000000       1.00000000    
           0           4           2           4
   10.1144476      -13.2723007       3.18770170    
  0.795367599      0.606127262      -2.27495264E-07
 -0.606127381      0.795367718      -6.85272710E-08
   0.00000000       0.00000000       1.00000000    
           0           4           2           5
   10.1144476      -13.2723007       9.56310081    
  0.795367599      0.606127262      -2.27495264E-07
 -0.606127381      0.795367718      -6.85272710E-08
   0.00000000       0.00000000       1.00000000    
           0           4           2           6
   10.1144476      -13.2723007       15.9385014    
  0.795367599      0.606127262      -2.27495264E-07
 -0.606127381      0.795367718      -6.85272710E-08
   0.00000000       0.00000000       1.00000000    
           0           4           3           1
   13.4304380      -11.7243748      -15.9384995    
  0.657637894      0.753334045      -2.28738031E-07
 -0.753333986      0.657638133      -3.11624042E-08
   0.00000000       0.00000000       1.00000000    
           0           4           3           2
   13.4304380      -11.7243748      -9.56309891    
  0.657637894      0.753334045      -2.28738031E-07
 -0.753333986      0.657638133      -3.11624042E-08
   0.00000000       0.00000000       1.00000000    
           0           4           3           3
   13.4304380      -11.7243748      -3.18769908    
  0.657637894      0.753334045      -2.28738031E-07
 -0.753333986      0.657638133      -3.11624042E-08
   0.00000000       0.00000000       1.00000000    
           0           4           3           4
   13.4304380      -11.7243748       3.18770099    
  0.657637894      0.753334045      -2.28738031E-07
 -0.753333986      0.657638133      -3.11624042E-08
   0.00000000       0.00000000       1.00000000    
           0           4           3           5
   13.4304380      -11.7243748       9.56310081    
  0.657637894      0.753334045      -2.28738031E-07
 -0.753333986      0.657638133      -3.11624042E-08
   0.00000000       0.00000000       1.00000000    
           0           4           3           6
   13.4304380      -11.7243748       15.9385014    
  0.657637894      0.753334045      -2.28738031E-07
 -0.753333986      0.657638133      -3.11624042E-08
   0.00000000       0.00000000       1.00000000    
           0           4           4           1
   13.5863028      -7.55582762      -15.9385004    
  0.486029983      0.873942077      -2.22050176E-07
 -0.873942018      0.486030251       7.15709092E-09
   0.00000000       0.00000000       1.00000000    
           0           4           4           2
   13.5863028      -7.55582762      -9.56309986    
  0.486029983      0.873942077      -2.22050176E-07
 -0.873942018      0.486030251       7.15709092E-09
   0.00000000       0.00000000       1.00000000    
           0           4           4           3
   13.5863028      -7.55582762      -3.18769956    
  0.486029983      0.873942077      -2.22050176E-07
 -0.873942018      0.486030251       7.15709092E-09
   0.00000000       0.00000000       1.00000000    
           0           4           4           4
   13.5863028      -7.55582762       3.18770051    
  0.486029983      0.873942077      -2.22050176E-07
 -0.873942018      0.486030251       7.15709092E-09
   0.00000000       0.00000000       1.00000000    
           0           4           4           5
   13.5863028      -7.55582762       9.56309986    
  0.486029983      0.873942077      -2.22050176E-07
 -0.873942018      0.486030251       7.15709092E-09
   0.00000000       0.00000000       1.00000000    
           0           4           4           6
   13.5863028      -7.55582762       15.9385004    
  0.486029983      0.873942077      -2.22050176E-07
 -0.873942018      0.486030251       7.15709092E-09
   0.00000000       0.00000000       1.00000000    
           0           4           5           1
   15.9881973      -4.77844477      -15.9385014    
  0.286356956      0.958122969      -2.06905241E-07
 -0.958122969      0.286357164       4.43800516E-08
   0.00000000       0.00000000       1.00000000    
           0           4           5           2
   15.9881973      -4.77844477      -9.56310081    
  0.286356956      0.958122969      -2.06905241E-07
 -0.958122969      0.286357164       4.43800516E-08
   0.00000000       0.00000000       1.00000000    
           0           4           5           3
   15.9881973      -4.77844477      -3.18770027    
  0.286356956      0.958122969      -2.06905241E-07
 -0.958122969      0.286357164       4.43800516E-08
   0.00000000       0.00000000       1.00000000    
           0           4           5           4
   15.9881973      -4.77844477       3.18769979    
  0.286356956      0.958122969      -2.06905241E-07
 -0.958122969      0.286357164       4.43800516E-08
   0.00000000       0.00000000       1.00000000    
           0           4           5           5
   15.9881973      -4.77844477       9.56309891    
  0.286356956      0.958122969      -2.06905241E-07
 -0.958122969      0.286357164       4.43800516E-08
   0.00000000       0.00000000       1.00000000    
           0           4           5           6
   15.9881973      -4.77844477       15.9384995    
  0.286356956      0.958122969      -2.06905241E-07
 -0.958122969      0.286357164       4.43800516E-08
   0.00000000       0.00000000       1.00000000    
           0           4           6           1
   17.7582493      -1.57550931      -15.9385014    
   8.83723721E-02  0.996087492      -1.85921124E-07
 -0.996087492       8.83725658E-02   7.53210472E-08
   0.00000000       0.00000000       1.00000000    
           0           4           6           2
   17.7582493      -1.57550931      -9.56310081    
   8.83723721E-02  0.996087492      -1.85921124E-07
 -0.996087492       8.83725658E-02   7.53210472E-08
   0.00000000       0.00000000       1.00000000    
           0           4           6           3
   17.7582493      -1.57550931      -3.18770099    
   8.83723721E-02  0.996087492      -1.85921124E-07
 -0.996087492       8.83725658E-02   7.53210472E-08
   0.00000000       0.00000000       1.00000000    
           0           4           6           4
   17.7582493      -1.57550931       3.18769908    
   8.83723721E-02  0.996087492      -1.85921124E-07
 -0.996087492       8.83725658E-02   7.53210472E-08
   0.00000000       0.00000000       1.00000000    
           0           4           6           5
   17.7582493      -1.57550931       9.56309891    
   8.83723721E-02  0.996087492      -1.85921124E-07
 -0.996087492       8.83725658E-02   7.53210472E-08
   0.00000000       0.00000000       1.00000000    
           0           4           6           6
   17.7582493      -1.57550931       15.9384995    
   8.83723721E-02  0.996087492      -1.85921124E-07
 -0.996087492       8.83725658E-02   7.53210472E-08
   0.00000000       0.00000000       1.00000000    
           0           4           7           1
   15.4311113       1.88650155      -15.9385014    
 -0.121349975      0.992609799      -1.57963328E-07
 -0.992609799     -0.121349841       1.02366762E-07
   0.00000000       0.00000000       1.00000000    
           0           4           7           2
   15.4311113       1.88650155      -9.56310081    
 -0.121349975      0.992609799      -1.57963328E-07
 -0.992609799     -0.121349841       1.02366762E-07
   0.00000000       0.00000000       1.00000000    
           0           4           7           3
   15.4311113       1.88650155      -3.18770099    
 -0.121349975      0.992609799      -1.57963328E-07
 -0.992609799     -0.121349841       1.02366762E-07
   0.00000000       0.00000000       1.00000000    
           0           4           7           4
   15.4311113       1.88650155       3.18769908    
 -0.121349975      0.992609799      -1.57963328E-07
 -0.992609799     -0.121349841       1.02366762E-07
   0.00000000       0.00000000       1.00000000    
           0           4           7           5
   15.4311113       1.88650155       9.56309891    
 -0.121349975      0.992609799      -1.57963328E-07
 -0.992609799     -0.121349841       1.02366762E-07
   0.00000000       0.00000000       1.00000000    
           0           4           7           6
   15.4311113       1.88650155       15.9384995    
 -0.121349975      0.992609799      -1.57963328E-07
 -0.992609799     -0.121349841       1.02366762E-07
   0.00000000       0.00000000       1.00000000    
           0           4           8           1
   15.7385883       5.54551983      -15.9385023    
 -0.332326114      0.943164647      -1.23813209E-07
 -0.943164527     -0.332325965       1.23548972E-07
   0.00000000       0.00000000       1.00000000    
           0           4           8           2
   15.7385883       5.54551983      -9.56310177    
 -0.332326114      0.943164647      -1.23813209E-07
 -0.943164527     -0.332325965       1.23548972E-07
   0.00000000       0.00000000       1.00000000    
           0           4           8           3
   15.7385883       5.54551983      -3.18770170    
 -0.332326114      0.943164647      -1.23813209E-07
 -0.943164527     -0.332325965       1.23548972E-07
   0.00000000       0.00000000       1.00000000    
           0           4           8           4
   15.7385883       5.54551983       3.18769836    
 -0.332326114      0.943164647      -1.23813209E-07
 -0.943164527     -0.332325965       1.23548972E-07
   0.00000000       0.00000000       1.00000000    
           0           4           8           5
   15.7385883       5.54551983       9.56309795    
 -0.332326114      0.943164647      -1.23813209E-07
 -0.943164527     -0.332325965       1.23548972E-07
   0.00000000       0.00000000       1.00000000    
           0           4           8           6
   15.7385883       5.54551983       15.9384985    
 -0.332326114      0.943164647      -1.23813209E-07
 -0.943164527     -0.332325965       1.23548972E-07
   0.00000000       0.00000000       1.00000000    
           0           4           9           1
   15.2847824       9.17676449      -15.9385023    
 -0.514739215      0.857346833      -8.86389628E-08
 -0.857346892     -0.514739037       1.36215931E-07
   0.00000000       0.00000000       1.00000000    
           0           4           9           2
   15.2847824       9.17676449      -9.56310177    
 -0.514739215      0.857346833      -8.86389628E-08
 -0.857346892     -0.514739037       1.36215931E-07
   0.00000000       0.00000000       1.00000000    
           0           4           9           3
   15.2847824       9.17676449      -3.18770194    
 -0.514739215      0.857346833      -8.86389628E-08
 -0.857346892     -0.514739037       1.36215931E-07
   0.00000000       0.00000000       1.00000000    
           0           4           9           4
   15.2847824       9.17676449       3.18769813    
 -0.514739215      0.857346833      -8.86389628E-08
 -0.857346892     -0.514739037       1.36215931E-07
   0.00000000       0.00000000       1.00000000    
           0           4           9           5
   15.2847824       9.17676449       9.56309795    
 -0.514739215      0.857346833      -8.86389628E-08
 -0.857346892     -0.514739037       1.36215931E-07
   0.00000000       0.00000000       1.00000000    
           0           4           9           6
   15.2847824       9.17676449       15.9384985    
 -0.514739215      0.857346833      -8.86389628E-08
 -0.857346892     -0.514739037       1.36215931E-07
   0.00000000       0.00000000       1.00000000    
           0           4          10           1
   11.3659220       10.6063147      -15.9385023    
 -0.682253957      0.731115401      -5.01188033E-08
 -0.731115282     -0.682253838       1.41629585E-07
   0.00000000       0.00000000       1.00000000    
           0           4          10           2
   11.3659220       10.6063147      -9.56310177    
 -0.682253957      0.731115401      -5.01188033E-08
 -0.731115282     -0.682253838       1.41629585E-07
   0.00000000       0.00000000       1.00000000    
           0           4          10           3
   11.3659220       10.6063147      -3.18770170    
 -0.682253957      0.731115401      -5.01188033E-08
 -0.731115282     -0.682253838       1.41629585E-07
   0.00000000       0.00000000       1.00000000    
           0           4          10           4
   11.3659220       10.6063147       3.18769836    
 -0.682253957      0.731115401      -5.01188033E-08
 -0.731115282     -0.682253838       1.41629585E-07
   0.00000000       0.00000000       1.00000000    
           0           4          10           5
   11.3659220       10.6063147       9.56309795    
 -0.682253957      0.731115401      -5.01188033E-08
 -0.731115282     -0.682253838       1.41629585E-07
   0.00000000       0.00000000       1.00000000    
           0           4          10           6
   11.3659220       10.6063147       15.9384985    
 -0.682253957      0.731115401      -5.01188033E-08
 -0.731115282     -0.682253838       1.41629585E-07
   0.00000000       0.00000000       1.00000000    
           0           4          11           1
   9.46121788       13.7455931      -15.9385023    
 -0.823730767      0.566981256      -1.00427613E-08
 -0.566981137     -0.823730648       1.38658436E-07
   0.00000000       0.00000000       1.00000000    
           0           4          11           2
   9.46121788       13.7455931      -9.56310177    
 -0.823730767      0.566981256      -1.00427613E-08
 -0.566981137     -0.823730648       1.38658436E-07
   0.00000000       0.00000000       1.00000000    
           0           4          11           3
   9.46121788       13.7455931      -3.18770194    
 -0.823730767      0.566981256      -1.00427613E-08
 -0.566981137     -0.823730648       1.38658436E-07
   0.00000000       0.00000000       1.00000000    
           0           4          11           4
   9.46121788       13.7455931       3.18769813    
 -0.823730767      0.566981256      -1.00427613E-08
 -0.566981137     -0.823730648       1.38658436E-07
   0.00000000       0.00000000       1.00000000    
           0           4          11           5
   9.46121788       13.7455931       9.56309795    
 -0.823730767      0.566981256      -1.00427613E-08
 -0.566981137     -0.823730648       1.38658436E-07
   0.00000000       0.00000000       1.00000000    
           0           4          11           6
   9.46121788       13.7455931       15.9384985    
 -0.823730767      0.566981256      -1.00427613E-08
 -0.566981137     -0.823730648       1.38658436E-07
   0.00000000       0.00000000       1.00000000    
           0           4          12           1
   6.95735836       16.4144058      -15.9385023    
 -0.920709491      0.390248835       2.58501132E-08
 -0.390248716     -0.920709431       1.28200014E-07
   0.00000000       0.00000000       1.00000000    
           0           4          12           2
   6.95735836       16.4144058      -9.56310177    
 -0.920709491      0.390248835       2.58501132E-08
 -0.390248716     -0.920709431       1.28200014E-07
   0.00000000       0.00000000       1.00000000    
           0           4          12           3
   6.95735836       16.4144058      -3.18770194    
 -0.920709491      0.390248835       2.58501132E-08
 -0.390248716     -0.920709431       1.28200014E-07
   0.00000000       0.00000000       1.00000000    
           0           4          12           4
   6.95735836       16.4144058       3.18769813    
 -0.920709491      0.390248835       2.58501132E-08
 -0.390248716     -0.920709431       1.28200014E-07
   0.00000000       0.00000000       1.00000000    
           0           4          12           5
   6.95735836       16.4144058       9.56309795    
 -0.920709491      0.390248835       2.58501132E-08
 -0.390248716     -0.920709431       1.28200014E-07
   0.00000000       0.00000000       1.00000000    
           0           4          12           6
   6.95735836       16.4144058       15.9384985    
 -0.920709491      0.390248835       2.58501132E-08
 -0.390248716     -0.920709431       1.28200014E-07
   0.00000000       0.00000000       1.00000000    
           0           4          13           1
  -6.95736122       16.4144058       15.9384985    
  0.920709312      0.390249014      -4.07772518E-08
  0.390249252     -0.920709312       2.00695609E-07
  -8.74227766E-08   0.00000000      -1.00000000    
           0           4          13           2
  -6.95736170       16.4144058       9.56309795    
  0.920709312      0.390249014      -4.07772518E-08
  0.390249252     -0.920709312       2.00695609E-07
  -8.74227766E-08   0.00000000      -1.00000000    
           0           4          13           3
  -6.95736265       16.4144058       3.18769765    
  0.920709312      0.390249014      -4.07772518E-08
  0.390249252     -0.920709312       2.00695609E-07
  -8.74227766E-08   0.00000000      -1.00000000    
           0           4          13           4
  -6.95736313       16.4144058      -3.18770242    
  0.920709312      0.390249014      -4.07772518E-08
  0.390249252     -0.920709312       2.00695609E-07
  -8.74227766E-08   0.00000000      -1.00000000    
           0           4          13           5
  -6.95736361       16.4144058      -9.56310177    
  0.920709312      0.390249014      -4.07772518E-08
  0.390249252     -0.920709312       2.00695609E-07
  -8.74227766E-08   0.00000000      -1.00000000    
           0           4          13           6
  -6.95736408       16.4144058      -15.9385023    
  0.920709312      0.390249014      -4.07772518E-08
  0.390249252     -0.920709312       2.00695609E-07
  -8.74227766E-08   0.00000000      -1.00000000    
           0           4          14           1
  -9.46122074       13.7455921       15.9384985    
  0.823730469      0.566981554      -5.12356877E-08
  0.566981554     -0.823730528       1.64802742E-07
  -8.74227766E-08   0.00000000      -1.00000000    
           0           4          14           2
  -9.46122169       13.7455921       9.56309795    
  0.823730469      0.566981554      -5.12356877E-08
  0.566981554     -0.823730528       1.64802742E-07
  -8.74227766E-08   0.00000000      -1.00000000    
           0           4          14           3
  -9.46122169       13.7455921       3.18769836    
  0.823730469      0.566981554      -5.12356877E-08
  0.566981554     -0.823730528       1.64802742E-07
  -8.74227766E-08   0.00000000      -1.00000000    
           0           4          14           4
  -9.46122265       13.7455921      -3.18770170    
  0.823730469      0.566981554      -5.12356877E-08
  0.566981554     -0.823730528       1.64802742E-07
  -8.74227766E-08   0.00000000      -1.00000000    
           0           4          14           5
  -9.46122360       13.7455921      -9.56310177    
  0.823730469      0.566981554      -5.12356877E-08
  0.566981554     -0.823730528       1.64802742E-07
  -8.74227766E-08   0.00000000      -1.00000000    
           0           4          14           6
  -9.46122360       13.7455921      -15.9385023    
  0.823730469      0.566981554      -5.12356877E-08
  0.566981554     -0.823730528       1.64802742E-07
  -8.74227766E-08   0.00000000      -1.00000000    
           0           4          15           1
  -11.3659239       10.6063137       15.9384995    
  0.682253540      0.731115520      -5.42068079E-08
  0.731115520     -0.682253778       1.24726725E-07
  -8.74227766E-08   0.00000000      -1.00000000    
           0           4          15           2
  -11.3659239       10.6063137       9.56309891    
  0.682253540      0.731115520      -5.42068079E-08
  0.731115520     -0.682253778       1.24726725E-07
  -8.74227766E-08   0.00000000      -1.00000000    
           0           4          15           3
  -11.3659248       10.6063137       3.18769884    
  0.682253540      0.731115520      -5.42068079E-08
  0.731115520     -0.682253778       1.24726725E-07
  -8.74227766E-08   0.00000000      -1.00000000    
           0           4          15           4
  -11.3659258       10.6063137      -3.18770123    
  0.682253540      0.731115520      -5.42068079E-08
  0.731115520     -0.682253778       1.24726725E-07
  -8.74227766E-08   0.00000000      -1.00000000    
           0           4          15           5
  -11.3659258       10.6063137      -9.56310081    
  0.682253540      0.731115520      -5.42068079E-08
  0.731115520     -0.682253778       1.24726725E-07
  -8.74227766E-08   0.00000000      -1.00000000    
           0           4          15           6
  -11.3659267       10.6063137      -15.9385014    
  0.682253540      0.731115520      -5.42068079E-08
  0.731115520     -0.682253778       1.24726725E-07
  -8.74227766E-08   0.00000000      -1.00000000    
           0           4          16           1
  -15.2847843       9.17676353       15.9385004    
  0.514738619      0.857347071      -4.87931544E-08
  0.857347131     -0.514738858       8.62065264E-08
  -8.74227766E-08   0.00000000      -1.00000000    
           0           4          16           2
  -15.2847843       9.17676353       9.56309986    
  0.514738619      0.857347071      -4.87931544E-08
  0.857347131     -0.514738858       8.62065264E-08
  -8.74227766E-08   0.00000000      -1.00000000    
           0           4          16           3
  -15.2847853       9.17676353       3.18769956    
  0.514738619      0.857347071      -4.87931544E-08
  0.857347131     -0.514738858       8.62065264E-08
  -8.74227766E-08   0.00000000      -1.00000000    
           0           4          16           4
  -15.2847853       9.17676353      -3.18770051    
  0.514738619      0.857347071      -4.87931544E-08
  0.857347131     -0.514738858       8.62065264E-08
  -8.74227766E-08   0.00000000      -1.00000000    
           0           4          16           5
  -15.2847862       9.17676353      -9.56309986    
  0.514738619      0.857347071      -4.87931544E-08
  0.857347131     -0.514738858       8.62065264E-08
  -8.74227766E-08   0.00000000      -1.00000000    
           0           4          16           6
  -15.2847862       9.17676353      -15.9385004    
  0.514738619      0.857347071      -4.87931544E-08
  0.857347131     -0.514738858       8.62065264E-08
  -8.74227766E-08   0.00000000      -1.00000000    
           0           4          17           1
  -15.7385864       5.54551935       15.9385004    
  0.332325786      0.943164647      -3.61261954E-08
  0.943164706     -0.332325757       5.10323197E-08
  -8.74227766E-08   0.00000000      -1.00000000    
           0           4          17           2
  -15.7385874       5.54551935       9.56309986    
  0.332325786      0.943164647      -3.61261954E-08
  0.943164706     -0.332325757       5.10323197E-08
  -8.74227766E-08   0.00000000      -1.00000000    
           0           4          17           3
  -15.7385874       5.54551935       3.18770027    
  0.332325786      0.943164647      -3.61261954E-08
  0.943164706     -0.332325757       5.10323197E-08
  -8.74227766E-08   0.00000000      -1.00000000    
           0           4          17           4
  -15.7385883       5.54551935      -3.18769979    
  0.332325786      0.943164647      -3.61261954E-08
  0.943164706     -0.332325757       5.10323197E-08
  -8.74227766E-08   0.00000000      -1.00000000    
           0           4          17           5
  -15.7385893       5.54551935      -9.56309986    
  0.332325786      0.943164647      -3.61261954E-08
  0.943164706     -0.332325757       5.10323197E-08
  -8.74227766E-08   0.00000000      -1.00000000    
           0           4          17           6
  -15.7385893       5.54551935      -15.9385004    
  0.332325786      0.943164647      -3.61261954E-08
  0.943164706     -0.332325757       5.10323197E-08
  -8.74227766E-08   0.00000000      -1.00000000    
           0           4          18           1
  -15.4311113       1.88650095       15.9385014    
  0.121349402      0.992609859      -1.49439501E-08
  0.992609859     -0.121349655       1.68821774E-08
  -8.74227766E-08   0.00000000      -1.00000000    
           0           4          18           2
  -15.4311123       1.88650095       9.56310081    
  0.121349402      0.992609859      -1.49439501E-08
  0.992609859     -0.121349655       1.68821774E-08
  -8.74227766E-08   0.00000000      -1.00000000    
           0           4          18           3
  -15.4311123       1.88650095       3.18770075    
  0.121349402      0.992609859      -1.49439501E-08
  0.992609859     -0.121349655       1.68821774E-08
  -8.74227766E-08   0.00000000      -1.00000000    
           0           4          18           4
  -15.4311132       1.88650095      -3.18769932    
  0.121349402      0.992609859      -1.49439501E-08
  0.992609859     -0.121349655       1.68821774E-08
  -8.74227766E-08   0.00000000      -1.00000000    
           0           4          18           5
  -15.4311132       1.88650095      -9.56309891    
  0.121349402      0.992609859      -1.49439501E-08
  0.992609859     -0.121349655       1.68821774E-08
  -8.74227766E-08   0.00000000      -1.00000000    
           0           4          18           6
  -15.4311142       1.88650095      -15.9384995    
  0.121349402      0.992609859      -1.49439501E-08
  0.992609859     -0.121349655       1.68821774E-08
  -8.74227766E-08   0.00000000      -1.00000000    
           0           4          19           1
  -17.7582474      -1.57550931       15.9385023    
  -8.83727223E-02  0.996087492       1.21017436E-08
  0.996087432       8.83729309E-02  -1.10756488E-08
  -8.74227766E-08   0.00000000      -1.00000000    
           0           4          19           2
  -17.7582474      -1.57550931       9.56310177    
  -8.83727223E-02  0.996087492       1.21017436E-08
  0.996087432       8.83729309E-02  -1.10756488E-08
  -8.74227766E-08   0.00000000      -1.00000000    
           0           4          19           3
  -17.7582474      -1.57550931       3.18770146    
  -8.83727223E-02  0.996087492       1.21017436E-08
  0.996087432       8.83729309E-02  -1.10756488E-08
  -8.74227766E-08   0.00000000      -1.00000000    
           0           4          19           4
  -17.7582493      -1.57550931      -3.18769860    
  -8.83727223E-02  0.996087492       1.21017436E-08
  0.996087432       8.83729309E-02  -1.10756488E-08
  -8.74227766E-08   0.00000000      -1.00000000    
           0           4          19           5
  -17.7582493      -1.57550931      -9.56309795    
  -8.83727223E-02  0.996087492       1.21017436E-08
  0.996087432       8.83729309E-02  -1.10756488E-08
  -8.74227766E-08   0.00000000      -1.00000000    
           0           4          19           6
  -17.7582493      -1.57550931      -15.9384985    
  -8.83727223E-02  0.996087492       1.21017436E-08
  0.996087432       8.83729309E-02  -1.10756488E-08
  -8.74227766E-08   0.00000000      -1.00000000    
           0           4          20           1
  -15.9881964      -4.77844477       15.9385023    
 -0.286357492      0.958122849       4.30427640E-08
  0.958122849      0.286357284      -3.20597024E-08
  -8.74227766E-08   0.00000000      -1.00000000    
           0           4          20           2
  -15.9881964      -4.77844477       9.56310177    
 -0.286357492      0.958122849       4.30427640E-08
  0.958122849      0.286357284      -3.20597024E-08
  -8.74227766E-08   0.00000000      -1.00000000    
           0           4          20           3
  -15.9881973      -4.77844477       3.18770170    
 -0.286357492      0.958122849       4.30427640E-08
  0.958122849      0.286357284      -3.20597024E-08
  -8.74227766E-08   0.00000000      -1.00000000    
           0           4          20           4
  -15.9881973      -4.77844477      -3.18769836    
 -0.286357492      0.958122849       4.30427640E-08
  0.958122849      0.286357284      -3.20597024E-08
  -8.74227766E-08   0.00000000      -1.00000000    
           0           4          20           5
  -15.9881983      -4.77844477      -9.56309795    
 -0.286357492      0.958122849       4.30427640E-08
  0.958122849      0.286357284      -3.20597024E-08
  -8.74227766E-08   0.00000000      -1.00000000    
           0           4          20           6
  -15.9881992      -4.77844477      -15.9384985    
 -0.286357492      0.958122849       4.30427640E-08
  0.958122849      0.286357284      -3.20597024E-08
  -8.74227766E-08   0.00000000      -1.00000000    
           0           4          21           1
  -13.5863008      -7.55582809       15.9385023    
 -0.486030728      0.873941779       8.02657709E-08
  0.873941839      0.486030281      -4.72046509E-08
  -8.74227766E-08   0.00000000      -1.00000000    
           0           4          21           2
  -13.5863018      -7.55582809       9.56310177    
 -0.486030728      0.873941779       8.02657709E-08
  0.873941839      0.486030281      -4.72046509E-08
  -8.74227766E-08   0.00000000      -1.00000000    
           0           4          21           3
  -13.5863018      -7.55582809       3.18770170    
 -0.486030728      0.873941779       8.02657709E-08
  0.873941839      0.486030281      -4.72046509E-08
  -8.74227766E-08   0.00000000      -1.00000000    
           0           4          21           4
  -13.5863028      -7.55582809      -3.18769836    
 -0.486030728      0.873941779       8.02657709E-08
  0.873941839      0.486030281      -4.72046509E-08
  -8.74227766E-08   0.00000000      -1.00000000    
           0           4          21           5
  -13.5863028      -7.55582809      -9.56309795    
 -0.486030728      0.873941779       8.02657709E-08
  0.873941839      0.486030281      -4.72046509E-08
  -8.74227766E-08   0.00000000      -1.00000000    
           0           4          21           6
  -13.5863037      -7.55582809      -15.9384985    
 -0.486030728      0.873941779       8.02657709E-08
  0.873941839      0.486030281      -4.72046509E-08
  -8.74227766E-08   0.00000000      -1.00000000    
           0           4          22           1
  -13.4304342      -11.7243738       15.9385023    
 -0.657638431      0.753333867       1.18585213E-07
  0.753333867      0.657638133      -5.38924638E-08
  -8.74227766E-08   0.00000000      -1.00000000    
           0           4          22           2
  -13.4304342      -11.7243738       9.56310177    
 -0.657638431      0.753333867       1.18585213E-07
  0.753333867      0.657638133      -5.38924638E-08
  -8.74227766E-08   0.00000000      -1.00000000    
           0           4          22           3
  -13.4304352      -11.7243738       3.18770218    
 -0.657638431      0.753333867       1.18585213E-07
  0.753333867      0.657638133      -5.38924638E-08
  -8.74227766E-08   0.00000000      -1.00000000    
           0           4          22           4
  -13.4304361      -11.7243738      -3.18769789    
 -0.657638431      0.753333867       1.18585213E-07
  0.753333867      0.657638133      -5.38924638E-08
  -8.74227766E-08   0.00000000      -1.00000000    
           0           4          22           5
  -13.4304361      -11.7243738      -9.56309795    
 -0.657638431      0.753333867       1.18585213E-07
  0.753333867      0.657638133      -5.38924638E-08
  -8.74227766E-08   0.00000000      -1.00000000    
           0           4          22           6
  -13.4304371      -11.7243738      -15.9384985    
 -0.657638431      0.753333867       1.18585213E-07
  0.753333867      0.657638133      -5.38924638E-08
  -8.74227766E-08   0.00000000      -1.00000000    
           0           4          23           1
  -10.1144390      -13.2723036       15.9385023    
 -0.795367599      0.606127381       1.55950005E-07
  0.606127024      0.795367837      -5.26497033E-08
  -8.74227766E-08   0.00000000      -1.00000000    
           0           4          23           2
  -10.1144400      -13.2723036       9.56310177    
 -0.795367599      0.606127381       1.55950005E-07
  0.606127024      0.795367837      -5.26497033E-08
  -8.74227766E-08   0.00000000      -1.00000000    
           0           4          23           3
  -10.1144409      -13.2723036       3.18770194    
 -0.795367599      0.606127381       1.55950005E-07
  0.606127024      0.795367837      -5.26497033E-08
  -8.74227766E-08   0.00000000      -1.00000000    
           0           4          23           4
  -10.1144409      -13.2723036      -3.18769813    
 -0.795367599      0.606127381       1.55950005E-07
  0.606127024      0.795367837      -5.26497033E-08
  -8.74227766E-08   0.00000000      -1.00000000    
           0           4          23           5
  -10.1144419      -13.2723036      -9.56309795    
 -0.795367599      0.606127381       1.55950005E-07
  0.606127024      0.795367837      -5.26497033E-08
  -8.74227766E-08   0.00000000      -1.00000000    
           0           4          23           6
  -10.1144419      -13.2723036      -15.9384985    
 -0.795367599      0.606127381       1.55950005E-07
  0.606127024      0.795367837      -5.26497033E-08
  -8.74227766E-08   0.00000000      -1.00000000    
           0           4          24           1
  -6.53803635      -14.1043320       15.9385023    
 -0.907264411      0.420560807       1.94957636E-07
  0.420560777      0.907264352      -4.29890790E-08
  -8.74227766E-08   0.00000000      -1.00000000    
           0           4          24           2
  -6.53803682      -14.1043320       9.56310177    
 -0.907264411      0.420560807       1.94957636E-07
  0.420560777      0.907264352      -4.29890790E-08
  -8.74227766E-08   0.00000000      -1.00000000    
           0           4          24           3
  -6.53803730      -14.1043320       3.18770146    
 -0.907264411      0.420560807       1.94957636E-07
  0.420560777      0.907264352      -4.29890790E-08
  -8.74227766E-08   0.00000000      -1.00000000    
           0           4          24           4
  -6.53803778      -14.1043320      -3.18769860    
 -0.907264411      0.420560807       1.94957636E-07
  0.420560777      0.907264352      -4.29890790E-08
  -8.74227766E-08   0.00000000      -1.00000000    
           0           4          24           5
  -6.53803825      -14.1043320      -9.56309795    
 -0.907264411      0.420560807       1.94957636E-07
  0.420560777      0.907264352      -4.29890790E-08
  -8.74227766E-08   0.00000000      -1.00000000    
           0           4          24           6
  -6.53803873      -14.1043320      -15.9384985    
 -0.907264411      0.420560807       1.94957636E-07
  0.420560777      0.907264352      -4.29890790E-08
  -8.74227766E-08   0.00000000      -1.00000000    
